0 2 53 64 102 34 162 164 130 142 141 102 116 144 142
1 0 102 34 162 164 130 142 141 102 116 144 142
2 0 102 34 162 164 130 142 141 102 116 144 142
3 2 125 136 80 107 123 192 83 162 165 78 98 150 115
4 10 192 223 242 86 69 231 183 204 161 209 80 107 123 192 83 162 165 78 98 150 115
5 2 0 204 74 105 137 184 95 128 167 101 86 166 92
6 0 74 105 137 184 95 128 167 101 86 166 92
7 0 74 105 137 184 95 128 167 101 86 166 92
8 0 74 105 137 184 95 128 167 101 86 166 92
9 10 2 130 141 195 23 179 198 5 30 16 74 105 137 184 95 128 167 101 86 166 92
10 10 120 70 237 46 107 66 27 136 140 254 74 105 137 184 95 128 167 101 86 166 92
11 2 124 76 74 145 169 166 93 126 147 116 108 160 81
12 0 74 145 169 166 93 126 147 116 108 160 81
13 0 74 145 169 166 93 126 147 116 108 160 81
14 0 74 145 169 166 93 126 147 116 108 160 81
15 10 248 6 246 235 29 90 152 96 250 210 74 145 169 166 93 126 147 116 108 160 81
16 2 0 78 72 131 174 142 104 137 139 121 102 164 80
17 0 72 131 174 142 104 137 139 121 102 164 80
18 0 72 131 174 142 104 137 139 121 102 164 80
19 0 72 131 174 142 104 137 139 121 102 164 80
20 0 72 131 174 142 104 137 139 121 102 164 80
21 0 72 131 174 142 104 137 139 121 102 164 80
22 0 72 131 174 142 104 137 139 121 102 164 80
23 2 52 12 74 146 173 120 95 137 114 129 115 149 107
24 10 248 126 212 180 148 200 198 22 20 154 74 146 173 120 95 137 114 129 115 149 107
25 10 64 238 171 233 98 147 201 45 205 88 74 146 173 120 95 137 114 129 115 149 107
26 10 66 90 81 235 235 74 88 11 93 199 74 146 173 120 95 137 114 129 115 149 107
27 10 248 122 113 203 204 51 218 111 70 216 74 146 173 120 95 137 114 129 115 149 107
28 10 224 226 108 72 132 147 88 164 42 30 74 146 173 120 95 137 114 129 115 149 107
29 10 224 188 242 138 175 194 77 186 167 23 74 146 173 120 95 137 114 129 115 149 107
30 2 52 14 72 107 196 131 78 147 98 160 91 151 108
31 0 72 107 196 131 78 147 98 160 91 151 108
32 10 81 234 202 120 137 34 157 80 109 18 72 107 196 131 78 147 98 160 91 151 108
33 10 64 151 196 11 206 222 201 58 97 82 72 107 196 131 78 147 98 160 91 151 108
34 10 4 202 212 164 184 155 72 95 6 71 72 107 196 131 78 147 98 160 91 151 108
35 10 112 0 116 145 159 26 89 46 182 16 72 107 196 131 78 147 98 160 91 151 108
36 10 112 90 77 194 132 178 144 24 252 223 72 107 196 131 78 147 98 160 91 151 108
37 10 66 136 247 131 136 51 212 149 133 145 72 107 196 131 78 147 98 160 91 151 108
38 10 240 8 210 169 178 41 218 65 54 144 72 107 196 131 78 147 98 160 91 151 108
39 10 64 66 182 98 239 243 3 45 52 16 72 107 196 131 78 147 98 160 91 151 108
40 10 224 230 234 20 14 74 81 181 28 30 72 107 196 131 78 147 98 160 91 151 108
41 10 192 95 145 46 224 83 17 113 170 210 72 107 196 131 78 147 98 160 91 151 108
42 10 32 168 239 198 103 226 18 8 14 210 72 107 196 131 78 147 98 160 91 151 108
43 10 116 123 127 189 85 179 216 59 157 20 72 107 196 131 78 147 98 160 91 151 108
44 10 2 34 247 129 21 152 250 154 153 144 72 107 196 131 78 147 98 160 91 151 108
45 10 224 230 234 92 224 115 84 178 23 30 72 107 196 131 78 147 98 160 91 151 108
46 10 192 95 125 8 253 51 6 160 10 210 72 107 196 131 78 147 98 160 91 151 108
47 10 124 154 82 227 100 170 70 188 137 223 72 107 196 131 78 147 98 160 91 151 108
48 10 248 94 235 240 44 122 112 22 71 82 72 107 196 131 78 147 98 160 91 151 108
49 10 192 30 208 222 56 235 103 74 229 88 72 107 196 131 78 147 98 160 91 151 108
50 10 224 254 207 60 92 27 233 165 214 154 72 107 196 131 78 147 98 160 91 151 108
51 10 192 246 115 226 173 123 17 197 250 30 72 107 196 131 78 147 98 160 91 151 108
52 10 48 242 77 94 95 107 234 154 35 144 72 107 196 131 78 147 98 160 91 151 108
53 10 96 180 243 42 70 154 80 30 107 158 72 107 196 131 78 147 98 160 91 151 108
54 10 248 23 247 222 48 194 86 159 119 154 72 107 196 131 78 147 98 160 91 151 108
55 10 64 87 184 12 6 143 210 80 175 158 72 107 196 131 78 147 98 160 91 151 108
56 10 120 239 246 161 148 74 79 89 253 84 72 107 196 131 78 147 98 160 91 151 108
57 10 224 222 84 178 112 82 43 129 189 82 72 107 196 131 78 147 98 160 91 151 108
58 10 48 187 132 92 138 210 137 134 21 17 72 107 196 131 78 147 98 160 91 151 108
59 10 64 126 215 243 97 82 24 138 50 154 72 107 196 131 78 147 98 160 91 151 108
60 10 100 62 222 51 203 146 65 10 194 210 72 107 196 131 78 147 98 160 91 151 108
61 10 114 63 68 72 111 138 86 38 180 212 72 107 196 131 78 147 98 160 91 151 108
62 10 64 72 198 49 105 42 74 156 230 70 72 107 196 131 78 147 98 160 91 151 108
63 10 92 220 254 12 180 243 202 79 44 198 72 107 196 131 78 147 98 160 91 151 108
64 10 248 239 237 105 70 154 142 44 28 210 72 107 196 131 78 147 98 160 91 151 108
65 10 224 222 206 69 193 234 75 38 79 30 72 107 196 131 78 147 98 160 91 151 108
66 10 120 14 209 99 103 35 68 27 69 20 72 107 196 131 78 147 98 160 91 151 108
67 10 248 252 254 207 100 211 87 235 158 18 72 107 196 131 78 147 98 160 91 151 108
68 10 240 0 223 30 203 242 9 223 232 146 72 107 196 131 78 147 98 160 91 151 108
69 10 66 22 225 38 55 234 75 193 39 30 72 107 196 131 78 147 98 160 91 151 108
70 10 100 82 206 212 148 153 209 30 226 16 72 107 196 131 78 147 98 160 91 151 108
71 10 64 219 184 29 96 106 72 123 101 210 72 107 196 131 78 147 98 160 91 151 108
72 10 90 241 82 164 89 179 114 207 75 18 72 107 196 131 78 147 98 160 91 151 108
73 10 90 212 210 174 80 185 218 35 73 16 72 107 196 131 78 147 98 160 91 151 108
74 10 66 8 206 221 132 170 58 158 156 216 72 107 196 131 78 147 98 160 91 151 108
75 10 16 225 126 217 253 202 65 60 137 88 72 107 196 131 78 147 98 160 91 151 108
76 10 81 193 245 53 245 42 79 232 131 146 72 107 196 131 78 147 98 160 91 151 108
77 10 74 67 120 78 255 26 66 103 185 247 72 107 196 131 78 147 98 160 91 151 108
78 10 120 9 147 7 50 91 24 146 51 94 72 107 196 131 78 147 98 160 91 151 108
79 10 0 146 252 229 189 191 87 98 54 82 72 107 196 131 78 147 98 160 91 151 108
80 10 112 56 218 213 221 242 18 26 252 211 72 107 196 131 78 147 98 160 91 151 108
81 10 194 146 249 224 48 18 42 189 146 198 72 107 196 131 78 147 98 160 91 151 108
82 10 248 126 243 40 186 107 6 234 94 88 72 107 196 131 78 147 98 160 91 151 108
83 10 66 206 243 175 148 35 106 239 136 154 72 107 196 131 78 147 98 160 91 151 108
84 10 248 238 212 116 178 83 18 61 237 210 72 107 196 131 78 147 98 160 91 151 108
85 10 112 107 119 14 44 24 214 33 179 30 72 107 196 131 78 147 98 160 91 151 108
86 10 5 44 82 255 156 62 16 179 70 218 72 107 196 131 78 147 98 160 91 151 108
87 10 112 78 234 21 79 178 17 17 220 250 72 107 196 131 78 147 98 160 91 151 108
88 10 248 88 238 43 95 139 17 2 221 16 72 107 196 131 78 147 98 160 91 151 108
89 10 82 39 199 159 124 74 140 172 161 198 72 107 196 131 78 147 98 160 91 151 108
90 10 96 227 110 250 184 34 17 133 230 210 72 107 196 131 78 147 98 160 91 151 108
91 10 66 10 178 80 7 78 203 252 234 158 72 107 196 131 78 147 98 160 91 151 108
92 10 66 66 75 151 135 154 78 58 157 82 72 107 196 131 78 147 98 160 91 151 108
93 10 120 239 213 136 104 219 19 16 106 144 72 107 196 131 78 147 98 160 91 151 108
94 10 82 96 147 85 250 90 24 140 28 216 72 107 196 131 78 147 98 160 91 151 108
95 10 96 139 81 101 42 158 247 98 23 222 72 107 196 131 78 147 98 160 91 151 108
96 10 66 71 211 217 78 50 86 170 254 80 72 107 196 131 78 147 98 160 91 151 108
97 10 66 174 122 43 158 43 8 215 246 219 72 107 196 131 78 147 98 160 91 151 108
98 10 16 231 177 192 146 59 15 191 186 210 72 107 196 131 78 147 98 160 91 151 108
99 10 194 96 172 72 158 106 73 124 12 218 72 107 196 131 78 147 98 160 91 151 108
100 10 176 17 76 225 32 47 98 178 141 26 72 107 196 131 78 147 98 160 91 151 108
101 10 248 40 240 170 75 194 40 158 148 158 72 107 196 131 78 147 98 160 91 151 108
102 10 66 64 230 24 173 104 26 146 123 158 72 107 196 131 78 147 98 160 91 151 108
103 10 176 168 213 84 82 179 80 178 182 158 72 107 196 131 78 147 98 160 91 151 108
104 10 90 176 215 179 214 131 24 173 135 216 72 107 196 131 78 147 98 160 91 151 108
105 10 48 11 120 80 11 67 111 32 118 158 72 107 196 131 78 147 98 160 91 151 108
106 10 64 126 215 242 82 202 85 78 146 198 72 107 196 131 78 147 98 160 91 151 108
107 10 13 23 53 191 134 162 12 126 52 27 72 107 196 131 78 147 98 160 91 151 108
108 10 217 33 143 121 62 216 226 0 32 209 72 107 196 131 78 147 98 160 91 151 108
109 10 234 51 99 20 8 226 9 227 142 216 72 107 196 131 78 147 98 160 91 151 108
110 10 166 94 72 19 227 184 30 109 184 26 72 107 196 131 78 147 98 160 91 151 108
111 10 247 111 72 69 94 164 178 15 231 45 72 107 196 131 78 147 98 160 91 151 108
112 10 184 35 178 70 241 68 45 155 225 173 72 107 196 131 78 147 98 160 91 151 108
113 10 224 214 32 197 161 76 180 196 76 173 72 107 196 131 78 147 98 160 91 151 108
114 10 96 38 96 223 246 101 241 72 43 111 72 107 196 131 78 147 98 160 91 151 108
115 10 53 170 160 199 112 117 19 121 71 111 72 107 196 131 78 147 98 160 91 151 108
116 10 62 134 161 113 41 68 83 172 204 236 72 107 196 131 78 147 98 160 91 151 108
117 10 28 3 161 124 40 125 158 80 208 132 72 107 196 131 78 147 98 160 91 151 108
118 10 30 61 102 157 193 24 158 139 255 36 72 107 196 131 78 147 98 160 91 151 108
119 10 158 150 36 101 147 128 150 99 15 114 72 107 196 131 78 147 98 160 91 151 108
120 10 122 0 28 64 251 32 1 6 49 244 72 107 196 131 78 147 98 160 91 151 108
121 10 124 128 33 124 84 22 4 179 19 240 72 107 196 131 78 147 98 160 91 151 108
122 10 220 57 189 14 216 160 202 146 142 20 72 107 196 131 78 147 98 160 91 151 108
123 10 252 188 252 161 0 88 210 127 108 148 72 107 196 131 78 147 98 160 91 151 108
124 10 246 199 145 127 247 69 169 156 222 173 72 107 196 131 78 147 98 160 91 151 108
125 10 216 207 198 36 39 124 212 165 50 188 72 107 196 131 78 147 98 160 91 151 108
126 10 192 162 9 97 221 221 70 175 214 46 72 107 196 131 78 147 98 160 91 151 108
127 10 216 160 38 199 229 108 29 163 92 236 72 107 196 131 78 147 98 160 91 151 108
128 10 188 15 57 253 163 221 134 211 216 167 72 107 196 131 78 147 98 160 91 151 108
129 10 188 55 53 238 35 245 173 138 32 163 72 107 196 131 78 147 98 160 91 151 108
130 10 41 111 29 183 139 204 88 236 179 233 72 107 196 131 78 147 98 160 91 151 108
131 10 20 247 223 144 212 196 240 22 102 108 72 107 196 131 78 147 98 160 91 151 108
132 10 126 144 223 157 155 77 52 216 174 233 72 107 196 131 78 147 98 160 91 151 108
133 10 52 147 223 136 89 205 149 124 198 175 72 107 196 131 78 147 98 160 91 151 108
134 10 183 84 96 198 190 12 177 90 87 103 72 107 196 131 78 147 98 160 91 151 108
135 10 245 2 96 202 78 100 48 138 66 43 72 107 196 131 78 147 98 160 91 151 108
136 10 117 82 96 209 220 177 177 37 29 105 72 107 196 131 78 147 98 160 91 151 108
137 10 53 208 224 156 205 133 79 71 193 189 72 107 196 131 78 147 98 160 91 151 108
138 10 117 143 224 90 30 215 178 50 195 111 72 107 196 131 78 147 98 160 91 151 108
139 10 117 6 224 18 210 220 112 254 114 43 72 107 196 131 78 147 98 160 91 151 108
140 10 117 42 95 140 29 61 51 72 135 99 72 107 196 131 78 147 98 160 91 151 108
141 10 117 75 223 13 139 109 177 80 17 42 72 107 196 131 78 147 98 160 91 151 108
142 10 117 38 223 5 147 125 239 16 57 227 72 107 196 131 78 147 98 160 91 151 108
143 10 117 47 223 31 200 101 78 168 28 233 72 107 196 131 78 147 98 160 91 151 108
144 10 52 215 222 117 211 93 48 146 49 111 72 107 196 131 78 147 98 160 91 151 108
145 10 245 43 94 35 67 197 113 23 99 170 72 107 196 131 78 147 98 160 91 151 108
146 10 124 35 157 232 49 221 238 148 60 170 72 107 196 131 78 147 98 160 91 151 108
147 10 125 242 220 128 35 61 241 25 132 110 72 107 196 131 78 147 98 160 91 151 108
148 10 4 167 220 3 166 21 113 216 196 233 72 107 196 131 78 147 98 160 91 151 108
149 10 101 210 156 10 169 45 82 86 167 44 72 107 196 131 78 147 98 160 91 151 108
150 10 98 167 220 211 209 125 202 156 82 98 72 107 196 131 78 147 98 160 91 151 108
151 10 48 19 215 248 89 150 140 164 99 140 72 107 196 131 78 147 98 160 91 151 108
152 10 101 106 200 152 215 141 141 78 102 96 72 107 196 131 78 147 98 160 91 151 108
153 10 125 190 221 161 231 176 78 6 170 242 72 107 196 131 78 147 98 160 91 151 108
154 10 96 3 183 221 60 172 201 85 172 224 72 107 196 131 78 147 98 160 91 151 108
155 10 190 59 221 104 57 190 69 124 10 242 72 107 196 131 78 147 98 160 91 151 108
156 10 225 190 133 121 172 39 3 1 103 165 72 107 196 131 78 147 98 160 91 151 108
157 10 225 106 151 238 220 100 55 102 65 65 72 107 196 131 78 147 98 160 91 151 108
158 10 97 103 216 42 81 92 181 150 213 13 72 107 196 131 78 147 98 160 91 151 108
159 10 253 123 88 124 19 173 237 45 202 106 72 107 196 131 78 147 98 160 91 151 108
160 10 105 227 151 166 119 92 239 180 54 179 72 107 196 131 78 147 98 160 91 151 108
161 10 113 75 151 104 85 61 114 37 19 11 72 107 196 131 78 147 98 160 91 151 108
162 10 253 49 215 37 166 28 179 35 6 97 72 107 196 131 78 147 98 160 91 151 108
163 10 235 150 87 52 152 193 142 58 65 235 72 107 196 131 78 147 98 160 91 151 108
164 10 63 33 215 36 255 49 81 59 222 111 72 107 196 131 78 147 98 160 91 151 108
165 10 51 125 86 134 70 199 116 178 184 183 72 107 196 131 78 147 98 160 91 151 108
166 10 125 59 86 194 45 149 240 97 10 115 72 107 196 131 78 147 98 160 91 151 108
167 10 99 73 150 197 36 193 80 244 68 191 72 107 196 131 78 147 98 160 91 151 108
168 10 125 59 22 198 139 113 80 149 241 139 72 107 196 131 78 147 98 160 91 151 108
169 10 63 35 86 194 255 108 241 224 233 227 72 107 196 131 78 147 98 160 91 151 108
170 10 235 163 215 117 217 25 243 213 142 15 72 107 196 131 78 147 98 160 91 151 108
171 10 107 3 87 110 182 193 82 154 28 140 72 107 196 131 78 147 98 160 91 151 108
172 10 35 101 215 226 40 167 212 185 216 136 72 107 196 131 78 147 98 160 91 151 108
173 10 105 147 150 205 74 231 214 209 71 242 72 107 196 131 78 147 98 160 91 151 108
174 10 237 75 215 229 238 48 91 96 89 114 72 107 196 131 78 147 98 160 91 151 108
175 10 109 44 90 88 41 222 94 27 26 194 72 107 196 131 78 147 98 160 91 151 108
176 10 98 75 23 227 15 75 71 130 193 112 72 107 196 131 78 147 98 160 91 151 108
177 10 121 223 218 79 74 106 9 104 182 70 72 107 196 131 78 147 98 160 91 151 108
178 10 226 33 214 94 59 170 121 53 135 87 72 107 196 131 78 147 98 160 91 151 108
179 10 148 39 90 210 234 16 190 88 253 45 72 107 196 131 78 147 98 160 91 151 108
180 10 248 58 86 2 135 150 208 204 181 18 72 107 196 131 78 147 98 160 91 151 108
181 10 192 163 86 211 115 109 226 113 175 103 72 107 196 131 78 147 98 160 91 151 108
182 10 208 10 231 58 49 61 210 67 80 234 72 107 196 131 78 147 98 160 91 151 108
183 10 208 156 105 218 196 47 206 153 128 182 72 107 196 131 78 147 98 160 91 151 108
184 10 192 151 106 140 92 97 60 121 76 48 72 107 196 131 78 147 98 160 91 151 108
185 10 188 46 195 255 104 157 13 159 228 161 72 107 196 131 78 147 98 160 91 151 108
186 10 174 104 149 217 63 176 189 129 93 189 72 107 196 131 78 147 98 160 91 151 108
187 10 172 104 198 170 236 1 52 201 115 111 72 107 196 131 78 147 98 160 91 151 108
188 10 24 35 93 34 226 181 112 246 64 232 72 107 196 131 78 147 98 160 91 151 108
189 10 16 146 221 236 24 145 179 57 37 233 72 107 196 131 78 147 98 160 91 151 108
190 10 56 104 161 52 83 140 72 40 99 43 72 107 196 131 78 147 98 160 91 151 108
191 10 40 104 223 0 45 173 58 151 157 98 72 107 196 131 78 147 98 160 91 151 108
192 10 16 114 223 72 54 84 241 59 170 227 72 107 196 131 78 147 98 160 91 151 108
193 10 56 234 159 69 97 93 48 101 77 105 72 107 196 131 78 147 98 160 91 151 108
194 10 4 104 95 74 230 165 81 41 91 103 72 107 196 131 78 147 98 160 91 151 108
195 10 56 114 159 141 179 85 114 55 232 231 72 107 196 131 78 147 98 160 91 151 108
196 10 4 122 159 142 241 93 241 96 190 237 72 107 196 131 78 147 98 160 91 151 108
197 10 56 147 159 154 117 157 241 229 22 104 72 107 196 131 78 147 98 160 91 151 108
198 10 61 235 95 147 112 101 212 67 115 188 72 107 196 131 78 147 98 160 91 151 108
199 10 4 26 224 86 1 29 19 178 67 104 72 107 196 131 78 147 98 160 91 151 108
200 10 61 124 160 15 242 55 215 11 66 162 72 107 196 131 78 147 98 160 91 151 108
201 10 221 3 96 209 51 63 14 122 237 50 72 107 196 131 78 147 98 160 91 151 108
202 10 254 0 228 226 215 28 11 132 118 128 72 107 196 131 78 147 98 160 91 151 108
203 10 181 45 100 229 216 93 70 134 41 188 72 107 196 131 78 147 98 160 91 151 108
204 10 148 11 99 79 17 119 65 18 1 108 72 107 196 131 78 147 98 160 91 151 108
205 10 148 154 223 6 32 177 29 48 148 226 72 107 196 131 78 147 98 160 91 151 108
206 10 148 227 159 81 0 22 219 241 241 62 72 107 196 131 78 147 98 160 91 151 108
207 10 245 130 198 41 153 152 24 16 254 236 72 107 196 131 78 147 98 160 91 151 108
208 10 179 42 244 88 47 205 144 71 200 65 72 107 196 131 78 147 98 160 91 151 108
209 10 179 234 199 210 84 103 158 43 22 70 72 107 196 131 78 147 98 160 91 151 108
210 10 2 207 200 71 189 123 22 58 249 148 72 107 196 131 78 147 98 160 91 151 108
211 10 66 170 93 230 179 168 26 80 3 22 72 107 196 131 78 147 98 160 91 151 108
212 10 96 166 187 67 62 202 145 12 238 70 72 107 196 131 78 147 98 160 91 151 108
213 10 176 115 139 71 179 170 69 213 23 22 72 107 196 131 78 147 98 160 91 151 108
214 10 212 130 149 146 172 94 209 223 184 44 72 107 196 131 78 147 98 160 91 151 108
215 10 191 250 180 156 81 224 137 235 227 45 72 107 196 131 78 147 98 160 91 151 108
216 10 142 63 198 174 253 232 16 185 45 68 72 107 196 131 78 147 98 160 91 151 108
217 10 135 35 18 40 30 165 163 23 122 33 72 107 196 131 78 147 98 160 91 151 108
218 10 190 232 152 231 96 209 177 201 118 97 72 107 196 131 78 147 98 160 91 151 108
219 10 58 48 153 214 207 157 18 202 10 168 72 107 196 131 78 147 98 160 91 151 108
220 10 7 98 218 136 119 93 242 227 137 105 72 107 196 131 78 147 98 160 91 151 108
221 10 184 91 155 35 120 124 181 75 4 37 72 107 196 131 78 147 98 160 91 151 108
222 10 96 102 220 68 240 220 178 255 162 141 72 107 196 131 78 147 98 160 91 151 108
223 10 61 168 220 154 177 197 83 160 21 13 72 107 196 131 78 147 98 160 91 151 108
224 10 62 240 220 153 191 85 19 64 53 46 72 107 196 131 78 147 98 160 91 151 108
225 10 96 178 221 46 104 92 178 110 124 234 72 107 196 131 78 147 98 160 91 151 108
226 10 61 136 221 99 46 165 20 125 243 166 72 107 196 131 78 147 98 160 91 151 108
227 10 59 56 225 50 248 141 129 121 217 114 72 107 196 131 78 147 98 160 91 151 108
228 10 46 216 156 2 227 85 82 67 231 56 72 107 196 131 78 147 98 160 91 151 108
229 10 46 50 156 16 72 151 112 23 201 58 72 107 196 131 78 147 98 160 91 151 108
230 10 77 146 156 67 152 205 50 61 43 97 72 107 196 131 78 147 98 160 91 151 108
231 10 7 6 220 156 138 89 79 109 194 56 72 107 196 131 78 147 98 160 91 151 108
232 10 255 124 28 134 180 209 206 7 2 239 72 107 196 131 78 147 98 160 91 151 108
233 10 109 45 93 42 72 204 177 55 5 190 72 107 196 131 78 147 98 160 91 151 108
234 10 109 79 92 200 23 25 84 72 136 48 72 107 196 131 78 147 98 160 91 151 108
235 10 249 27 27 246 54 64 94 25 118 244 72 107 196 131 78 147 98 160 91 151 108
236 10 33 12 161 58 152 190 15 146 4 80 72 107 196 131 78 147 98 160 91 151 108
237 10 17 113 115 101 46 160 145 97 66 146 72 107 196 131 78 147 98 160 91 151 108
238 10 128 89 221 184 202 146 6 53 253 1 72 107 196 131 78 147 98 160 91 151 108
239 10 0 185 251 86 152 67 199 194 7 30 72 107 196 131 78 147 98 160 91 151 108
240 10 217 153 250 181 130 40 18 8 71 144 72 107 196 131 78 147 98 160 91 151 108
241 10 124 129 161 249 84 106 75 104 132 222 72 107 196 131 78 147 98 160 91 151 108
242 10 231 199 123 144 247 201 8 233 147 62 72 107 196 131 78 147 98 160 91 151 108
243 10 137 226 194 143 187 165 170 48 70 46 72 107 196 131 78 147 98 160 91 151 108
244 10 137 162 208 210 111 29 110 62 231 242 72 107 196 131 78 147 98 160 91 151 108
245 10 5 74 120 67 249 70 148 164 15 44 72 107 196 131 78 147 98 160 91 151 108
246 10 65 132 217 26 232 100 175 8 109 105 72 107 196 131 78 147 98 160 91 151 108
247 10 229 245 159 78 173 20 54 23 179 179 72 107 196 131 78 147 98 160 91 151 108
248 10 69 165 224 212 215 68 87 55 117 61 72 107 196 131 78 147 98 160 91 151 108
249 10 77 155 98 124 32 93 83 49 17 233 72 107 196 131 78 147 98 160 91 151 108
250 10 73 68 226 166 84 237 114 112 19 106 72 107 196 131 78 147 98 160 91 151 108
251 10 241 31 163 4 228 204 241 87 123 111 72 107 196 131 78 147 98 160 91 151 108
252 10 113 248 99 20 227 124 242 158 54 229 72 107 196 131 78 147 98 160 91 151 108
253 10 77 181 227 19 100 129 18 196 133 235 72 107 196 131 78 147 98 160 91 151 108
254 10 101 220 163 196 193 236 242 55 225 227 72 107 196 131 78 147 98 160 91 151 108
255 10 65 71 99 218 245 157 49 16 218 99 72 107 196 131 78 147 98 160 91 151 108
256 10 113 31 163 155 227 97 47 52 240 235 72 107 196 131 78 147 98 160 91 151 108
257 10 241 94 163 150 36 189 16 206 161 235 72 107 196 131 78 147 98 160 91 151 108
258 10 101 176 99 16 148 142 49 179 228 161 72 107 196 131 78 147 98 160 91 151 108
259 10 51 254 35 10 212 156 48 67 17 237 72 107 196 131 78 147 98 160 91 151 108
260 10 113 22 34 228 52 23 239 96 141 138 72 107 196 131 78 147 98 160 91 151 108
261 10 102 8 98 111 209 133 81 66 206 99 72 107 196 131 78 147 98 160 91 151 108
262 10 102 254 226 183 226 93 79 43 47 99 72 107 196 131 78 147 98 160 91 151 108
263 10 127 35 163 9 76 93 10 152 20 239 72 107 196 131 78 147 98 160 91 151 108
264 10 95 40 160 92 160 109 247 128 236 111 72 107 196 131 78 147 98 160 91 151 108
265 10 95 135 96 79 247 221 50 224 24 239 72 107 196 131 78 147 98 160 91 151 108
266 10 79 86 226 101 211 109 231 178 166 50 72 107 196 131 78 147 98 160 91 151 108
267 10 62 63 31 146 136 164 20 94 109 4 72 107 196 131 78 147 98 160 91 151 108
268 10 179 136 32 128 119 173 225 26 2 224 72 107 196 131 78 147 98 160 91 151 108
269 10 189 154 162 162 106 79 16 59 14 227 72 107 196 131 78 147 98 160 91 151 108
270 10 39 163 226 244 241 159 148 77 194 112 72 107 196 131 78 147 98 160 91 151 108
271 10 53 11 162 126 112 94 15 200 133 242 72 107 196 131 78 147 98 160 91 151 108
272 10 121 245 240 251 179 130 158 22 166 194 72 107 196 131 78 147 98 160 91 151 108
273 10 190 135 225 32 186 110 122 70 193 146 72 107 196 131 78 147 98 160 91 151 108
274 10 122 35 161 33 149 82 82 4 184 240 72 107 196 131 78 147 98 160 91 151 108
275 10 13 226 221 229 61 232 30 55 124 192 72 107 196 131 78 147 98 160 91 151 108
276 10 181 147 162 42 178 51 196 233 130 114 72 107 196 131 78 147 98 160 91 151 108
277 10 252 0 178 206 226 115 82 111 116 195 72 107 196 131 78 147 98 160 91 151 108
278 10 180 155 161 244 52 56 239 54 10 210 72 107 196 131 78 147 98 160 91 151 108
279 10 117 43 227 12 32 104 215 169 133 210 72 107 196 131 78 147 98 160 91 151 108
280 10 145 55 175 19 42 234 201 28 18 255 72 107 196 131 78 147 98 160 91 151 108
281 10 175 223 162 236 126 169 239 65 188 5 72 107 196 131 78 147 98 160 91 151 108
282 10 129 58 175 142 126 149 162 161 161 185 72 107 196 131 78 147 98 160 91 151 108
283 10 71 146 159 64 253 57 81 29 149 41 72 107 196 131 78 147 98 160 91 151 108
284 10 191 250 160 86 79 39 52 0 102 138 72 107 196 131 78 147 98 160 91 151 108
285 10 52 121 160 216 201 145 177 216 246 97 72 107 196 131 78 147 98 160 91 151 108
286 10 37 157 160 192 240 205 244 102 198 181 72 107 196 131 78 147 98 160 91 151 108
287 10 63 104 97 178 229 145 81 186 108 105 72 107 196 131 78 147 98 160 91 151 108
288 10 103 77 34 101 190 193 175 73 13 235 72 107 196 131 78 147 98 160 91 151 108
289 10 62 149 34 184 222 85 50 82 180 11 72 107 196 131 78 147 98 160 91 151 108
290 10 190 31 98 228 8 199 177 49 206 111 72 107 196 131 78 147 98 160 91 151 108
291 10 253 48 163 24 16 221 19 109 147 46 72 107 196 131 78 147 98 160 91 151 108
292 10 229 42 226 48 191 183 243 73 212 172 72 107 196 131 78 147 98 160 91 151 108
293 10 125 74 203 137 53 77 11 89 243 130 72 107 196 131 78 147 98 160 91 151 108
294 10 51 79 182 119 195 64 141 124 134 180 72 107 196 131 78 147 98 160 91 151 108
295 10 53 11 247 129 254 92 197 27 134 68 72 107 196 131 78 147 98 160 91 151 108
296 10 37 162 163 146 55 30 86 112 2 112 72 107 196 131 78 147 98 160 91 151 108
297 10 105 48 166 205 8 88 19 166 133 254 72 107 196 131 78 147 98 160 91 151 108
298 10 61 234 35 82 167 170 94 111 68 193 72 107 196 131 78 147 98 160 91 151 108
299 10 135 35 227 28 190 80 177 38 93 104 72 107 196 131 78 147 98 160 91 151 108
300 10 225 107 139 144 175 92 175 61 75 2 72 107 196 131 78 147 98 160 91 151 108
301 10 92 30 202 48 18 193 179 216 55 13 72 107 196 131 78 147 98 160 91 151 108
302 10 132 31 204 38 158 197 202 41 110 46 72 107 196 131 78 147 98 160 91 151 108
303 10 132 222 140 50 94 150 73 100 128 101 72 107 196 131 78 147 98 160 91 151 108
304 10 205 40 74 238 48 205 148 79 79 111 72 107 196 131 78 147 98 160 91 151 108
305 10 37 93 165 149 193 240 89 84 46 4 72 107 196 131 78 147 98 160 91 151 108
306 10 101 11 171 121 22 136 147 4 221 52 72 107 196 131 78 147 98 160 91 151 108
307 10 63 59 119 140 78 18 193 191 125 116 72 107 196 131 78 147 98 160 91 151 108
308 10 145 30 164 173 150 174 10 66 67 82 72 107 196 131 78 147 98 160 91 151 108
309 10 166 172 35 13 215 210 21 193 45 114 72 107 196 131 78 147 98 160 91 151 108
310 10 134 56 103 176 177 179 71 29 241 26 72 107 196 131 78 147 98 160 91 151 108
311 10 191 223 208 14 31 161 247 186 71 17 72 107 196 131 78 147 98 160 91 151 108
312 10 129 151 246 251 174 37 169 17 223 108 72 107 196 131 78 147 98 160 91 151 108
313 10 193 29 202 174 158 80 179 175 223 15 72 107 196 131 78 147 98 160 91 151 108
314 10 204 30 204 103 112 36 173 209 21 166 72 107 196 131 78 147 98 160 91 151 108
315 10 65 86 164 226 168 205 216 116 48 57 72 107 196 131 78 147 98 160 91 151 108
316 10 97 182 166 143 209 81 50 41 10 43 72 107 196 131 78 147 98 160 91 151 108
317 10 113 94 38 79 71 124 115 130 254 97 72 107 196 131 78 147 98 160 91 151 108
318 10 73 150 230 198 200 33 49 166 36 234 72 107 196 131 78 147 98 160 91 151 108
319 10 76 214 231 118 240 70 112 48 229 46 72 107 196 131 78 147 98 160 91 151 108
320 10 65 231 231 125 8 221 47 126 34 63 72 107 196 131 78 147 98 160 91 151 108
321 10 97 149 39 247 60 167 178 114 122 8 72 107 196 131 78 147 98 160 91 151 108
322 10 113 126 168 114 66 101 13 230 11 12 72 107 196 131 78 147 98 160 91 151 108
323 10 101 28 232 117 4 209 241 193 148 42 72 107 196 131 78 147 98 160 91 151 108
324 10 102 174 232 112 41 81 19 166 123 99 72 107 196 131 78 147 98 160 91 151 108
325 10 21 255 168 162 184 108 115 229 198 99 72 107 196 131 78 147 98 160 91 151 108
326 10 101 52 233 16 143 125 238 58 11 99 72 107 196 131 78 147 98 160 91 151 108
327 10 102 19 169 8 71 13 144 235 120 184 72 107 196 131 78 147 98 160 91 151 108
328 10 52 23 232 165 156 241 52 106 157 141 72 107 196 131 78 147 98 160 91 151 108
329 10 61 228 232 254 64 101 145 13 64 140 72 107 196 131 78 147 98 160 91 151 108
330 10 230 34 104 230 224 193 16 67 47 46 72 107 196 131 78 147 98 160 91 151 108
331 10 102 102 233 208 254 205 15 6 169 226 72 107 196 131 78 147 98 160 91 151 108
332 10 125 186 169 92 14 156 112 123 155 56 72 107 196 131 78 147 98 160 91 151 108
333 10 61 66 105 66 240 125 241 2 48 178 72 107 196 131 78 147 98 160 91 151 108
334 10 229 110 169 209 144 136 93 96 85 224 72 107 196 131 78 147 98 160 91 151 108
335 10 53 58 41 19 10 152 85 71 79 20 72 107 196 131 78 147 98 160 91 151 108
336 10 134 227 234 10 41 22 205 236 96 88 72 107 196 131 78 147 98 160 91 151 108
337 10 41 112 250 34 109 230 217 41 59 198 72 107 196 131 78 147 98 160 91 151 108
338 10 21 67 85 210 65 194 141 86 14 82 72 107 196 131 78 147 98 160 91 151 108
339 10 181 83 249 55 15 72 207 210 233 210 72 107 196 131 78 147 98 160 91 151 108
340 10 56 34 121 105 89 147 77 12 202 248 72 107 196 131 78 147 98 160 91 151 108
341 10 53 107 255 184 192 168 198 107 169 144 72 107 196 131 78 147 98 160 91 151 108
342 10 181 170 245 121 146 50 210 239 244 24 72 107 196 131 78 147 98 160 91 151 108
343 10 224 191 81 98 165 107 10 28 45 84 72 107 196 131 78 147 98 160 91 151 108
344 10 66 19 183 213 236 226 26 59 188 20 72 107 196 131 78 147 98 160 91 151 108
345 10 121 132 18 178 225 123 249 227 215 208 72 107 196 131 78 147 98 160 91 151 108
346 10 12 146 118 107 37 154 78 200 103 208 72 107 196 131 78 147 98 160 91 151 108
347 10 0 227 126 1 193 90 69 245 38 30 72 107 196 131 78 147 98 160 91 151 108
348 10 121 174 159 151 195 162 23 111 79 18 72 107 196 131 78 147 98 160 91 151 108
349 10 81 158 117 171 181 98 30 150 55 16 72 107 196 131 78 147 98 160 91 151 108
350 10 100 66 118 162 106 227 211 51 156 223 72 107 196 131 78 147 98 160 91 151 108
351 10 40 103 84 239 230 242 4 114 24 154 72 107 196 131 78 147 98 160 91 151 108
352 10 96 251 79 183 127 195 193 14 243 216 72 107 196 131 78 147 98 160 91 151 108
353 10 224 102 50 9 212 114 196 104 131 154 72 107 196 131 78 147 98 160 91 151 108
354 10 49 162 249 246 85 146 9 125 67 88 72 107 196 131 78 147 98 160 91 151 108
355 10 66 171 237 46 10 171 94 63 206 16 72 107 196 131 78 147 98 160 91 151 108
356 2 21 74 76 214 112 119 139 125 118 152 119 120 111
357 0 76 214 112 119 139 125 118 152 119 120 111
358 0 76 214 112 119 139 125 118 152 119 120 111
359 0 76 214 112 119 139 125 118 152 119 120 111
360 0 76 214 112 119 139 125 118 152 119 120 111
361 0 76 214 112 119 139 125 118 152 119 120 111
362 0 76 214 112 119 139 125 118 152 119 120 111
363 0 76 214 112 119 139 125 118 152 119 120 111
364 0 76 214 112 119 139 125 118 152 119 120 111
365 0 76 214 112 119 139 125 118 152 119 120 111
366 10 17 131 207 119 81 206 30 152 198 218 76 214 112 119 139 125 118 152 119 120 111
367 10 92 70 80 2 12 91 240 81 205 22 76 214 112 119 139 125 118 152 119 120 111
368 10 117 154 241 132 0 58 83 217 180 94 76 214 112 119 139 125 118 152 119 120 111
369 10 121 112 68 222 165 194 85 169 39 30 76 214 112 119 139 125 118 152 119 120 111
370 10 21 16 214 156 204 154 77 155 49 216 76 214 112 119 139 125 118 152 119 120 111
371 10 96 203 213 154 229 66 215 190 145 216 76 214 112 119 139 125 118 152 119 120 111
372 10 114 62 21 84 34 211 71 172 96 218 76 214 112 119 139 125 118 152 119 120 111
373 10 249 192 69 187 107 106 138 186 38 82 76 214 112 119 139 125 118 152 119 120 111
374 10 48 99 201 45 233 42 86 40 209 218 76 214 112 119 139 125 118 152 119 120 111
375 10 96 216 101 215 17 83 80 133 159 30 76 214 112 119 139 125 118 152 119 120 111
376 10 100 0 61 91 220 226 80 75 1 218 76 214 112 119 139 125 118 152 119 120 111
377 10 53 254 210 96 230 155 235 139 229 80 76 214 112 119 139 125 118 152 119 120 111
378 2 52 76 74 213 100 129 128 116 141 132 100 123 129
379 0 74 213 100 129 128 116 141 132 100 123 129
380 0 74 213 100 129 128 116 141 132 100 123 129
381 0 74 213 100 129 128 116 141 132 100 123 129
382 2 36 204 74 208 118 110 153 120 92 137 125 111 117
383 10 148 215 142 155 188 200 210 205 167 5 74 208 118 110 153 120 92 137 125 111 117
384 10 189 109 50 157 173 149 165 231 126 45 74 208 118 110 153 120 92 137 125 111 117
385 10 56 151 72 65 204 173 135 53 73 173 74 208 118 110 153 120 92 137 125 111 117
386 10 52 238 225 247 137 148 244 14 28 232 74 208 118 110 153 120 92 137 125 111 117
387 10 6 251 163 129 5 164 86 5 101 239 74 208 118 110 153 120 92 137 125 111 117
388 10 62 98 162 34 83 117 181 100 131 103 74 208 118 110 153 120 92 137 125 111 117
389 10 190 43 99 130 149 141 78 101 161 168 74 208 118 110 153 120 92 137 125 111 117
390 10 46 41 10 248 13 220 80 213 81 34 74 208 118 110 153 120 92 137 125 111 117
391 10 39 187 35 65 163 17 210 6 165 236 74 208 118 110 153 120 92 137 125 111 117
392 10 46 63 163 75 118 176 81 231 81 142 74 208 118 110 153 120 92 137 125 111 117
393 10 38 160 227 148 72 93 80 168 101 2 74 208 118 110 153 120 92 137 125 111 117
394 10 38 32 227 148 197 23 80 134 76 234 74 208 118 110 153 120 92 137 125 111 117
395 10 38 80 99 90 173 191 216 81 161 140 74 208 118 110 153 120 92 137 125 111 117
396 10 57 123 100 162 101 30 48 67 4 130 74 208 118 110 153 120 92 137 125 111 117
397 10 33 88 39 172 88 30 73 180 194 192 74 208 118 110 153 120 92 137 125 111 117
398 10 104 171 103 118 216 250 24 178 229 82 74 208 118 110 153 120 92 137 125 111 117
399 10 121 191 33 181 46 160 202 191 0 208 74 208 118 110 153 120 92 137 125 111 117
400 10 183 128 165 220 141 98 137 14 229 123 74 208 118 110 153 120 92 137 125 111 117
401 10 215 36 133 122 254 102 142 221 243 45 74 208 118 110 153 120 92 137 125 111 117
402 10 190 1 152 187 189 196 241 48 165 5 74 208 118 110 153 120 92 137 125 111 117
403 10 190 87 32 16 124 100 172 184 78 12 74 208 118 110 153 120 92 137 125 111 117
404 10 125 112 161 160 216 85 20 158 4 101 74 208 118 110 153 120 92 137 125 111 117
405 10 51 42 33 168 11 253 84 148 68 239 74 208 118 110 153 120 92 137 125 111 117
406 10 62 210 227 70 84 52 245 16 107 227 74 208 118 110 153 120 92 137 125 111 117
407 10 4 147 163 147 6 161 15 54 65 189 74 208 118 110 153 120 92 137 125 111 117
408 10 51 35 163 210 7 199 49 88 178 111 74 208 118 110 153 120 92 137 125 111 117
409 10 61 126 100 55 195 125 80 130 146 234 74 208 118 110 153 120 92 137 125 111 117
410 10 7 151 164 35 26 29 84 174 86 114 74 208 118 110 153 120 92 137 125 111 117
411 10 62 139 228 110 121 196 25 78 13 48 74 208 118 110 153 120 92 137 125 111 117
412 10 71 35 102 141 176 198 150 60 139 108 74 208 118 110 153 120 92 137 125 111 117
413 10 51 147 231 44 223 142 16 169 201 188 74 208 118 110 153 120 92 137 125 111 117
414 10 135 35 206 144 135 24 65 100 91 62 74 208 118 110 153 120 92 137 125 111 117
415 10 63 34 38 85 11 96 12 218 97 152 74 208 118 110 153 120 92 137 125 111 117
416 10 62 123 101 1 230 167 216 235 34 227 74 208 118 110 153 120 92 137 125 111 117
417 10 46 35 163 129 57 184 110 105 241 167 74 208 118 110 153 120 92 137 125 111 117
418 10 179 35 228 245 154 192 104 98 164 165 74 208 118 110 153 120 92 137 125 111 117
419 10 62 131 138 49 112 149 14 45 0 188 74 208 118 110 153 120 92 137 125 111 117
420 10 51 118 97 53 138 101 180 139 246 7 74 208 118 110 153 120 92 137 125 111 117
421 10 40 163 161 44 72 181 145 153 245 105 74 208 118 110 153 120 92 137 125 111 117
422 10 62 66 225 59 97 65 177 70 238 33 74 208 118 110 153 120 92 137 125 111 117
423 10 28 27 160 128 164 215 176 185 76 174 74 208 118 110 153 120 92 137 125 111 117
424 10 125 171 224 157 191 172 47 125 63 99 74 208 118 110 153 120 92 137 125 111 117
425 10 253 170 160 24 206 61 241 36 115 42 74 208 118 110 153 120 92 137 125 111 117
426 10 51 129 95 192 74 205 48 33 218 239 74 208 118 110 153 120 92 137 125 111 117
427 10 62 59 31 155 227 77 243 85 163 232 74 208 118 110 153 120 92 137 125 111 117
428 10 62 3 32 9 237 148 80 14 239 108 74 208 118 110 153 120 92 137 125 111 117
429 10 7 56 223 71 244 41 15 16 17 166 74 208 118 110 153 120 92 137 125 111 117
430 10 78 168 222 162 168 71 209 52 105 8 74 208 118 110 153 120 92 137 125 111 117
431 10 78 171 94 169 8 29 242 70 7 191 74 208 118 110 153 120 92 137 125 111 117
432 10 101 47 222 229 100 17 83 48 33 239 74 208 118 110 153 120 92 137 125 111 117
433 10 25 5 159 6 71 113 144 67 32 142 74 208 118 110 153 120 92 137 125 111 117
434 10 174 184 223 196 6 102 17 210 169 106 74 208 118 110 153 120 92 137 125 111 117
435 10 166 49 95 26 126 232 216 194 140 114 74 208 118 110 153 120 92 137 125 111 117
436 10 166 150 95 192 80 206 78 101 8 194 74 208 118 110 153 120 92 137 125 111 117
437 10 163 150 226 48 158 131 201 109 23 70 74 208 118 110 153 120 92 137 125 111 117
438 10 250 232 161 247 35 143 205 169 72 197 74 208 118 110 153 120 92 137 125 111 117
439 10 215 32 164 235 57 188 203 191 105 229 74 208 118 110 153 120 92 137 125 111 117
440 10 190 107 26 82 180 149 139 215 46 37 74 208 118 110 153 120 92 137 125 111 117
441 10 7 211 217 144 243 173 242 120 45 62 74 208 118 110 153 120 92 137 125 111 117
442 10 106 163 90 24 82 165 176 5 170 229 74 208 118 110 153 120 92 137 125 111 117
443 10 52 107 154 11 209 81 241 225 194 61 74 208 118 110 153 120 92 137 125 111 117
444 10 62 118 218 0 87 225 113 129 9 237 74 208 118 110 153 120 92 137 125 111 117
445 10 122 147 218 71 211 205 51 78 67 97 74 208 118 110 153 120 92 137 125 111 117
446 10 62 255 218 154 101 85 81 198 227 186 74 208 118 110 153 120 92 137 125 111 117
447 10 190 43 90 133 70 53 142 144 145 234 74 208 118 110 153 120 92 137 125 111 117
448 10 7 187 26 131 127 189 207 48 49 160 74 208 118 110 153 120 92 137 125 111 117
449 10 61 243 92 25 26 160 197 196 78 182 74 208 118 110 153 120 92 137 125 111 117
450 10 135 251 26 148 176 172 138 215 173 231 74 208 118 110 153 120 92 137 125 111 117
451 10 14 74 26 70 223 77 150 88 124 187 74 208 118 110 153 120 92 137 125 111 117
452 10 14 81 219 243 180 111 80 236 220 234 74 208 118 110 153 120 92 137 125 111 117
453 10 62 7 92 84 143 96 94 110 110 176 74 208 118 110 153 120 92 137 125 111 117
454 10 60 43 220 195 201 8 89 74 108 99 74 208 118 110 153 120 92 137 125 111 117
455 10 30 235 31 68 194 183 213 112 98 234 74 208 118 110 153 120 92 137 125 111 117
456 10 221 72 159 132 237 97 194 177 16 128 74 208 118 110 153 120 92 137 125 111 117
457 10 250 123 228 41 221 25 1 159 190 105 74 208 118 110 153 120 92 137 125 111 117
458 10 14 155 158 100 156 49 212 85 243 97 74 208 118 110 153 120 92 137 125 111 117
459 10 135 96 31 94 52 49 49 175 98 6 74 208 118 110 153 120 92 137 125 111 117
460 10 41 234 220 133 87 199 178 209 125 139 74 208 118 110 153 120 92 137 125 111 117
461 10 58 139 89 210 33 92 185 66 60 229 74 208 118 110 153 120 92 137 125 111 117
462 10 62 243 92 84 164 16 112 30 158 13 74 208 118 110 153 120 92 137 125 111 117
463 10 36 251 156 13 144 102 112 59 202 101 74 208 118 110 153 120 92 137 125 111 117
464 10 125 101 156 95 180 52 113 132 10 225 74 208 118 110 153 120 92 137 125 111 117
465 10 61 175 219 253 181 92 113 37 130 170 74 208 118 110 153 120 92 137 125 111 117
466 10 121 191 155 102 95 157 240 19 198 107 74 208 118 110 153 120 92 137 125 111 117
467 10 51 7 218 193 85 61 241 20 107 41 74 208 118 110 153 120 92 137 125 111 117
468 10 101 133 155 98 110 81 14 76 97 234 74 208 118 110 153 120 92 137 125 111 117
469 10 174 164 218 82 30 173 16 6 236 232 74 208 118 110 153 120 92 137 125 111 117
470 10 174 50 25 213 43 87 29 193 35 178 74 208 118 110 153 120 92 137 125 111 117
471 10 174 144 154 73 142 229 207 117 192 10 74 208 118 110 153 120 92 137 125 111 117
472 10 46 30 24 102 238 161 214 96 117 108 74 208 118 110 153 120 92 137 125 111 117
473 10 51 1 89 93 82 172 113 45 202 225 74 208 118 110 153 120 92 137 125 111 117
474 10 39 153 217 136 68 175 57 228 225 46 74 208 118 110 153 120 92 137 125 111 117
475 10 46 184 89 201 7 177 209 19 129 186 74 208 118 110 153 120 92 137 125 111 117
476 10 174 24 218 154 241 151 145 31 3 178 74 208 118 110 153 120 92 137 125 111 117
477 10 1 2 154 132 190 172 48 244 132 123 74 208 118 110 153 120 92 137 125 111 117
478 10 101 127 219 186 208 77 17 55 117 115 74 208 118 110 153 120 92 137 125 111 117
479 10 135 35 219 96 229 93 231 173 209 239 74 208 118 110 153 120 92 137 125 111 117
480 10 137 235 157 50 194 129 16 150 133 0 74 208 118 110 153 120 92 137 125 111 117
481 10 30 145 158 161 163 167 108 45 138 165 74 208 118 110 153 120 92 137 125 111 117
482 10 179 75 156 9 229 224 178 228 76 167 74 208 118 110 153 120 92 137 125 111 117
483 10 253 58 219 183 8 140 173 86 60 33 74 208 118 110 153 120 92 137 125 111 117
484 10 13 99 154 2 160 177 17 166 17 239 74 208 118 110 153 120 92 137 125 111 117
485 10 7 211 25 221 22 125 239 250 189 239 74 208 118 110 153 120 92 137 125 111 117
486 10 62 123 217 69 145 65 211 97 112 235 74 208 118 110 153 120 92 137 125 111 117
487 10 7 16 91 48 230 102 210 21 198 96 74 208 118 110 153 120 92 137 125 111 117
488 10 12 122 181 167 65 204 158 60 37 50 74 208 118 110 153 120 92 137 125 111 117
489 10 135 250 155 43 184 56 85 43 245 0 74 208 118 110 153 120 92 137 125 111 117
490 10 170 178 184 19 243 54 138 207 84 243 74 208 118 110 153 120 92 137 125 111 117
491 10 10 90 153 89 138 63 216 199 146 224 74 208 118 110 153 120 92 137 125 111 117
492 10 145 228 60 106 71 186 145 11 160 18 74 208 118 110 153 120 92 137 125 111 117
493 10 128 180 90 2 187 100 57 239 252 141 74 208 118 110 153 120 92 137 125 111 117
494 10 192 25 252 251 173 60 116 199 221 140 74 208 118 110 153 120 92 137 125 111 117
495 10 192 124 215 49 170 204 23 20 74 130 74 208 118 110 153 120 92 137 125 111 117
496 10 192 160 208 6 249 70 11 41 66 239 74 208 118 110 153 120 92 137 125 111 117
497 10 208 92 111 25 96 188 23 108 107 110 74 208 118 110 153 120 92 137 125 111 117
498 10 208 92 90 20 138 144 194 147 228 9 74 208 118 110 153 120 92 137 125 111 117
499 10 80 64 76 176 22 108 241 193 146 62 74 208 118 110 153 120 92 137 125 111 117
500 10 208 236 76 163 57 55 17 172 61 250 74 208 118 110 153 120 92 137 125 111 117
501 10 112 196 127 165 92 135 2 237 154 50 74 208 118 110 153 120 92 137 125 111 117
502 10 240 194 218 84 87 156 241 194 44 50 74 208 118 110 153 120 92 137 125 111 117
503 10 208 194 65 88 48 65 36 166 190 130 74 208 118 110 153 120 92 137 125 111 117
504 10 80 231 204 178 132 144 50 100 15 248 74 208 118 110 153 120 92 137 125 111 117
505 10 192 172 246 168 68 173 177 61 124 110 74 208 118 110 153 120 92 137 125 111 117
506 10 225 4 121 189 162 109 179 135 182 37 74 208 118 110 153 120 92 137 125 111 117
507 10 224 6 84 98 167 133 111 19 142 160 74 208 118 110 153 120 92 137 125 111 117
508 10 61 215 92 64 178 196 186 167 182 46 74 208 118 110 153 120 92 137 125 111 117
509 10 120 34 95 218 222 173 17 104 17 168 74 208 118 110 153 120 92 137 125 111 117
510 10 96 25 224 3 152 205 49 1 251 41 74 208 118 110 153 120 92 137 125 111 117
511 10 101 36 96 135 186 237 178 59 179 232 74 208 118 110 153 120 92 137 125 111 117
512 10 224 6 97 103 198 149 206 99 194 108 74 208 118 110 153 120 92 137 125 111 117
513 10 0 28 97 184 23 157 151 182 141 46 74 208 118 110 153 120 92 137 125 111 117
514 10 64 24 200 205 102 189 153 67 141 106 74 208 118 110 153 120 92 137 125 111 117
515 10 0 170 123 209 201 148 16 126 55 224 74 208 118 110 153 120 92 137 125 111 117
516 10 112 87 251 199 47 36 30 27 190 104 74 208 118 110 153 120 92 137 125 111 117
517 10 0 151 209 245 81 220 156 189 206 108 74 208 118 110 153 120 92 137 125 111 117
518 10 248 80 98 102 71 71 162 245 118 166 74 208 118 110 153 120 92 137 125 111 117
519 10 80 192 114 8 93 12 81 241 10 98 74 208 118 110 153 120 92 137 125 111 117
520 10 208 28 72 207 25 61 249 165 246 238 74 208 118 110 153 120 92 137 125 111 117
521 10 208 100 74 235 9 103 24 59 54 187 74 208 118 110 153 120 92 137 125 111 117
522 10 112 192 204 160 140 237 18 6 2 98 74 208 118 110 153 120 92 137 125 111 117
523 10 80 194 206 218 203 141 201 218 0 9 74 208 118 110 153 120 92 137 125 111 117
524 10 208 252 92 71 124 247 2 158 90 50 74 208 118 110 153 120 92 137 125 111 117
525 10 208 68 75 21 187 156 24 180 93 177 74 208 118 110 153 120 92 137 125 111 117
526 10 80 134 204 188 161 119 241 143 218 131 74 208 118 110 153 120 92 137 125 111 117
527 10 208 36 76 231 94 6 241 36 171 239 74 208 118 110 153 120 92 137 125 111 117
528 10 200 196 76 163 55 7 177 210 208 225 74 208 118 110 153 120 92 137 125 111 117
529 10 200 196 114 1 124 113 241 234 150 104 74 208 118 110 153 120 92 137 125 111 117
530 10 80 192 204 160 226 161 194 156 66 46 74 208 118 110 153 120 92 137 125 111 117
531 10 208 100 76 174 194 252 249 25 175 248 74 208 118 110 153 120 92 137 125 111 117
532 10 220 131 104 61 25 53 199 65 66 37 74 208 118 110 153 120 92 137 125 111 117
533 10 128 129 103 232 18 189 84 245 182 174 74 208 118 110 153 120 92 137 125 111 117
534 10 160 120 54 63 101 133 62 34 33 161 74 208 118 110 153 120 92 137 125 111 117
535 10 128 119 26 134 44 205 15 227 170 232 74 208 118 110 153 120 92 137 125 111 117
536 10 24 246 218 153 17 101 150 222 86 229 74 208 118 110 153 120 92 137 125 111 117
537 10 128 234 156 76 24 37 176 244 198 236 74 208 118 110 153 120 92 137 125 111 117
538 10 72 3 90 143 251 205 23 235 69 40 74 208 118 110 153 120 92 137 125 111 117
539 10 24 7 220 82 109 213 17 136 189 46 74 208 118 110 153 120 92 137 125 111 117
540 10 74 82 92 9 57 61 15 81 212 46 74 208 118 110 153 120 92 137 125 111 117
541 10 44 187 91 242 235 61 52 200 23 104 74 208 118 110 153 120 92 137 125 111 117
542 10 0 104 28 91 48 157 49 103 234 99 74 208 118 110 153 120 92 137 125 111 117
543 10 128 147 28 141 66 157 243 34 123 40 74 208 118 110 153 120 92 137 125 111 117
544 10 128 33 116 218 140 108 158 16 14 132 74 208 118 110 153 120 92 137 125 111 117
545 10 200 106 220 144 3 33 178 152 251 111 74 208 118 110 153 120 92 137 125 111 117
546 10 16 104 114 212 51 23 24 122 129 175 74 208 118 110 153 120 92 137 125 111 117
547 10 192 105 116 193 229 20 208 113 228 102 74 208 118 110 153 120 92 137 125 111 117
548 10 80 44 72 138 60 125 145 71 170 2 74 208 118 110 153 120 92 137 125 111 117
549 10 80 105 123 13 212 176 66 222 158 108 74 208 118 110 153 120 92 137 125 111 117
550 10 80 106 218 21 226 253 75 160 35 225 74 208 118 110 153 120 92 137 125 111 117
551 10 16 212 92 83 30 49 81 39 6 106 74 208 118 110 153 120 92 137 125 111 117
552 10 80 113 92 65 0 119 241 40 91 188 74 208 118 110 153 120 92 137 125 111 117
553 10 244 193 76 171 53 140 58 89 7 47 74 208 118 110 153 120 92 137 125 111 117
554 10 192 143 184 153 158 49 170 28 152 129 74 208 118 110 153 120 92 137 125 111 117
555 10 184 138 209 53 17 101 145 231 59 35 74 208 118 110 153 120 92 137 125 111 117
556 10 128 104 10 167 102 173 10 148 5 174 74 208 118 110 153 120 92 137 125 111 117
557 10 128 104 199 8 105 109 55 115 19 43 74 208 118 110 153 120 92 137 125 111 117
558 10 200 122 71 82 149 93 145 226 25 104 74 208 118 110 153 120 92 137 125 111 117
559 10 74 106 224 77 136 181 206 147 58 184 74 208 118 110 153 120 92 137 125 111 117
560 10 104 78 223 144 243 237 243 196 73 111 74 208 118 110 153 120 92 137 125 111 117
561 10 72 74 95 128 130 101 85 178 69 110 74 208 118 110 153 120 92 137 125 111 117
562 10 0 108 96 153 212 60 239 170 227 111 74 208 118 110 153 120 92 137 125 111 117
563 10 0 112 224 75 115 53 153 188 14 103 74 208 118 110 153 120 92 137 125 111 117
564 10 232 108 96 15 74 205 249 220 125 99 74 208 118 110 153 120 92 137 125 111 117
565 10 232 76 71 146 144 216 93 198 27 40 74 208 118 110 153 120 92 137 125 111 117
566 10 0 126 97 103 211 95 30 89 189 98 74 208 118 110 153 120 92 137 125 111 117
567 10 202 4 97 228 146 173 2 181 59 182 74 208 118 110 153 120 92 137 125 111 117
568 10 64 38 124 55 141 165 83 227 102 236 74 208 118 110 153 120 92 137 125 111 117
569 10 128 24 243 115 151 224 34 12 240 236 74 208 118 110 153 120 92 137 125 111 117
570 10 192 150 140 185 22 101 209 85 163 105 74 208 118 110 153 120 92 137 125 111 117
571 10 216 1 115 105 9 61 105 19 221 140 74 208 118 110 153 120 92 137 125 111 117
572 10 216 156 76 229 241 77 122 95 153 228 74 208 118 110 153 120 92 137 125 111 117
573 10 96 150 201 233 46 117 209 124 132 103 74 208 118 110 153 120 92 137 125 111 117
574 10 132 54 74 180 76 45 219 191 227 174 74 208 118 110 153 120 92 137 125 111 117
575 10 224 55 52 156 191 53 161 5 90 172 74 208 118 110 153 120 92 137 125 111 117
576 10 126 35 29 229 59 172 179 196 69 101 74 208 118 110 153 120 92 137 125 111 117
577 10 56 180 94 179 200 5 210 95 165 174 74 208 118 110 153 120 92 137 125 111 117
578 10 121 146 95 87 15 125 240 141 230 40 74 208 118 110 153 120 92 137 125 111 117
579 10 125 38 96 65 61 141 46 113 129 160 74 208 118 110 153 120 92 137 125 111 117
580 10 96 31 96 140 4 141 241 70 38 43 74 208 118 110 153 120 92 137 125 111 117
581 10 89 52 225 32 103 93 147 57 89 236 74 208 118 110 153 120 92 137 125 111 117
582 10 64 24 223 215 230 117 222 78 44 46 74 208 118 110 153 120 92 137 125 111 117
583 10 217 144 98 103 48 144 69 13 214 230 74 208 118 110 153 120 92 137 125 111 117
584 10 192 56 123 72 181 164 220 40 107 224 74 208 118 110 153 120 92 137 125 111 117
585 10 200 116 126 29 188 108 14 37 190 236 74 208 118 110 153 120 92 137 125 111 117
586 10 200 116 123 5 197 236 97 93 225 133 74 208 118 110 153 120 92 137 125 111 117
587 10 192 105 96 5 75 109 226 44 146 190 74 208 118 110 153 120 92 137 125 111 117
588 10 193 161 224 0 53 161 17 228 102 238 74 208 118 110 153 120 92 137 125 111 117
589 10 129 34 84 125 46 197 149 204 112 165 74 208 118 110 153 120 92 137 125 111 117
590 10 253 148 74 165 14 165 194 49 214 161 74 208 118 110 153 120 92 137 125 111 117
591 10 55 74 223 67 167 71 180 67 162 226 74 208 118 110 153 120 92 137 125 111 117
592 10 101 102 223 212 51 60 49 126 115 168 74 208 118 110 153 120 92 137 125 111 117
593 10 226 177 97 35 24 84 80 59 142 97 74 208 118 110 153 120 92 137 125 111 117
594 10 228 75 29 248 197 132 221 6 90 168 74 208 118 110 153 120 92 137 125 111 117
595 10 5 164 97 42 37 156 240 124 111 111 74 208 118 110 153 120 92 137 125 111 117
596 10 97 166 97 251 180 101 210 116 53 107 74 208 118 110 153 120 92 137 125 111 117
597 10 5 80 226 104 166 205 242 79 138 236 74 208 118 110 153 120 92 137 125 111 117
598 10 193 44 73 38 247 54 88 82 75 46 74 208 118 110 153 120 92 137 125 111 117
599 10 202 156 99 204 7 204 67 222 242 228 74 208 118 110 153 120 92 137 125 111 117
600 10 200 172 100 118 99 135 215 124 10 236 74 208 118 110 153 120 92 137 125 111 117
601 10 200 98 222 52 58 157 139 191 66 182 74 208 118 110 153 120 92 137 125 111 117
602 10 192 168 111 18 102 173 217 39 50 140 74 208 118 110 153 120 92 137 125 111 117
603 10 192 241 67 54 134 135 140 82 118 235 74 208 118 110 153 120 92 137 125 111 117
604 10 202 196 74 232 224 103 17 5 48 13 74 208 118 110 153 120 92 137 125 111 117
605 10 74 100 71 139 171 204 89 93 81 128 74 208 118 110 153 120 92 137 125 111 117
606 10 192 240 98 227 34 198 29 191 63 104 74 208 118 110 153 120 92 137 125 111 117
607 10 80 108 75 6 0 97 49 218 163 186 74 208 118 110 153 120 92 137 125 111 117
608 10 208 104 118 62 171 39 113 161 149 230 74 208 118 110 153 120 92 137 125 111 117
609 10 208 108 65 91 201 239 220 146 220 105 74 208 118 110 153 120 92 137 125 111 117
610 10 80 108 220 74 196 25 8 49 192 146 74 208 118 110 153 120 92 137 125 111 117
611 10 80 106 206 214 19 16 232 107 215 14 74 208 118 110 153 120 92 137 125 111 117
612 10 208 108 76 235 165 255 242 176 152 202 74 208 118 110 153 120 92 137 125 111 117
613 10 72 108 74 243 208 255 87 146 24 138 74 208 118 110 153 120 92 137 125 111 117
614 10 72 196 90 7 120 248 98 15 208 204 74 208 118 110 153 120 92 137 125 111 117
615 10 74 242 218 85 208 203 8 152 79 52 74 208 118 110 153 120 92 137 125 111 117
616 10 193 196 71 143 199 7 136 127 174 33 74 208 118 110 153 120 92 137 125 111 117
617 10 193 228 69 54 99 88 17 184 135 120 74 208 118 110 153 120 92 137 125 111 117
618 10 133 10 67 59 7 144 3 175 211 42 74 208 118 110 153 120 92 137 125 111 117
619 10 129 2 71 25 210 197 247 90 13 48 74 208 118 110 153 120 92 137 125 111 117
620 10 129 58 98 180 232 23 213 49 43 2 74 208 118 110 153 120 92 137 125 111 117
621 10 5 25 162 119 129 173 46 130 190 188 74 208 118 110 153 120 92 137 125 111 117
622 10 77 27 36 37 154 151 236 212 202 136 74 208 118 110 153 120 92 137 125 111 117
623 10 1 2 99 70 45 115 243 93 210 175 74 208 118 110 153 120 92 137 125 111 117
624 10 133 147 35 24 9 73 249 62 133 179 74 208 118 110 153 120 92 137 125 111 117
625 10 129 61 101 15 197 119 81 126 150 114 74 208 118 110 153 120 92 137 125 111 117
626 10 3 28 101 88 23 177 19 102 150 11 74 208 118 110 153 120 92 137 125 111 117
627 10 9 27 101 150 83 174 51 133 10 139 74 208 118 110 153 120 92 137 125 111 117
628 10 33 2 229 18 201 93 117 56 10 203 74 208 118 110 153 120 92 137 125 111 117
629 10 1 50 166 5 112 63 84 128 123 202 74 208 118 110 153 120 92 137 125 111 117
630 10 1 152 103 101 3 124 237 148 222 7 74 208 118 110 153 120 92 137 125 111 117
631 10 1 39 102 0 200 174 52 93 206 191 74 208 118 110 153 120 92 137 125 111 117
632 10 47 59 232 101 108 104 78 55 40 204 74 208 118 110 153 120 92 137 125 111 117
633 10 101 27 231 183 185 61 126 206 215 122 74 208 118 110 153 120 92 137 125 111 117
634 10 47 46 232 35 152 200 107 23 185 249 74 208 118 110 153 120 92 137 125 111 117
635 10 105 215 167 248 208 153 242 164 225 63 74 208 118 110 153 120 92 137 125 111 117
636 10 47 43 104 168 88 145 14 205 222 128 74 208 118 110 153 120 92 137 125 111 117
637 10 77 127 234 131 214 169 11 132 129 239 74 208 118 110 153 120 92 137 125 111 117
638 10 137 42 170 85 10 16 242 28 41 64 74 208 118 110 153 120 92 137 125 111 117
639 10 189 123 234 149 204 207 237 58 138 229 74 208 118 110 153 120 92 137 125 111 117
640 10 40 39 80 26 211 175 6 73 165 6 74 208 118 110 153 120 92 137 125 111 117
641 10 137 155 42 65 221 159 214 156 34 142 74 208 118 110 153 120 92 137 125 111 117
642 10 137 14 235 45 193 233 140 131 210 82 74 208 118 110 153 120 92 137 125 111 117
643 10 1 154 76 234 45 159 215 181 228 193 74 208 118 110 153 120 92 137 125 111 117
644 10 9 138 169 137 114 218 46 162 114 24 74 208 118 110 153 120 92 137 125 111 117
645 10 53 187 199 202 184 200 77 165 27 88 74 208 118 110 153 120 92 137 125 111 117
646 10 129 154 148 169 136 18 81 43 69 216 74 208 118 110 153 120 92 137 125 111 117
647 10 229 220 122 180 3 59 17 116 117 146 74 208 118 110 153 120 92 137 125 111 117
648 10 197 227 78 1 189 42 80 2 111 78 74 208 118 110 153 120 92 137 125 111 117
649 10 197 226 246 114 15 121 206 161 22 88 74 208 118 110 153 120 92 137 125 111 117
650 10 21 194 78 66 204 26 80 169 156 152 74 208 118 110 153 120 92 137 125 111 117
651 10 169 194 49 78 62 34 141 173 251 37 74 208 118 110 153 120 92 137 125 111 117
652 10 183 99 197 38 0 109 51 60 4 212 74 208 118 110 153 120 92 137 125 111 117
653 10 183 211 205 152 13 50 17 215 169 20 74 208 118 110 153 120 92 137 125 111 117
654 10 248 243 169 192 140 152 21 180 62 198 74 208 118 110 153 120 92 137 125 111 117
655 10 228 235 197 187 250 11 244 6 236 144 74 208 118 110 153 120 92 137 125 111 117
656 10 228 234 77 71 233 43 30 53 153 144 74 208 118 110 153 120 92 137 125 111 117
657 10 198 210 237 121 229 82 149 223 156 251 74 208 118 110 153 120 92 137 125 111 117
658 10 228 210 77 216 197 170 80 121 50 222 74 208 118 110 153 120 92 137 125 111 117
659 10 228 146 214 132 165 41 214 142 226 118 74 208 118 110 153 120 92 137 125 111 117
660 10 100 76 56 31 146 106 78 57 141 158 74 208 118 110 153 120 92 137 125 111 117
661 10 114 91 106 138 72 18 16 253 116 30 74 208 118 110 153 120 92 137 125 111 117
662 10 114 86 125 28 50 98 81 82 70 16 74 208 118 110 153 120 92 137 125 111 117
663 10 124 254 91 237 233 170 81 6 58 82 74 208 118 110 153 120 92 137 125 111 117
664 10 194 36 119 214 245 146 12 205 173 67 74 208 118 110 153 120 92 137 125 111 117
665 10 192 222 127 245 95 99 79 166 174 82 74 208 118 110 153 120 92 137 125 111 117
666 10 194 70 201 168 109 174 229 179 91 26 74 208 118 110 153 120 92 137 125 111 117
667 10 64 244 104 118 166 139 11 146 178 198 74 208 118 110 153 120 92 137 125 111 117
668 10 66 250 253 222 190 90 83 78 183 16 74 208 118 110 153 120 92 137 125 111 117
669 10 80 232 88 179 68 94 18 137 156 26 74 208 118 110 153 120 92 137 125 111 117
670 10 89 178 91 167 122 24 11 63 126 30 74 208 118 110 153 120 92 137 125 111 117
671 10 88 220 167 178 134 88 209 8 165 30 74 208 118 110 153 120 92 137 125 111 117
672 10 120 248 247 72 92 219 10 157 193 74 74 208 118 110 153 120 92 137 125 111 117
673 10 192 236 145 49 214 90 81 39 45 88 74 208 118 110 153 120 92 137 125 111 117
674 10 192 243 24 166 28 89 209 249 218 18 74 208 118 110 153 120 92 137 125 111 117
675 10 192 240 94 176 253 186 104 126 23 216 74 208 118 110 153 120 92 137 125 111 117
676 10 192 254 148 244 141 34 145 145 10 146 74 208 118 110 153 120 92 137 125 111 117
677 10 64 64 253 65 196 233 80 81 177 26 74 208 118 110 153 120 92 137 125 111 117
678 10 66 194 120 88 68 94 203 73 136 198 74 208 118 110 153 120 92 137 125 111 117
679 10 192 244 105 144 225 66 24 147 133 216 74 208 118 110 153 120 92 137 125 111 117
680 10 194 215 200 64 71 74 142 132 158 82 74 208 118 110 153 120 92 137 125 111 117
681 10 192 255 219 255 182 26 84 213 76 158 74 208 118 110 153 120 92 137 125 111 117
682 10 66 206 213 192 101 162 140 83 134 88 74 208 118 110 153 120 92 137 125 111 117
683 10 120 34 83 4 17 178 8 234 253 82 74 208 118 110 153 120 92 137 125 111 117
684 10 64 244 84 174 252 195 74 86 240 16 74 208 118 110 153 120 92 137 125 111 117
685 10 66 175 254 194 90 194 42 33 73 216 74 208 118 110 153 120 92 137 125 111 117
686 10 248 26 109 185 139 251 215 105 69 210 74 208 118 110 153 120 92 137 125 111 117
687 10 176 248 122 46 250 58 134 177 86 20 74 208 118 110 153 120 92 137 125 111 117
688 10 120 18 156 71 10 19 210 24 93 16 74 208 118 110 153 120 92 137 125 111 117
689 10 97 97 239 207 144 186 82 149 115 154 74 208 118 110 153 120 92 137 125 111 117
690 10 248 58 104 230 82 179 207 75 251 82 74 208 118 110 153 120 92 137 125 111 117
691 10 96 220 79 239 65 58 78 2 53 30 74 208 118 110 153 120 92 137 125 111 117
692 10 20 202 212 250 45 74 72 52 68 158 74 208 118 110 153 120 92 137 125 111 117
693 10 113 80 105 198 14 163 68 67 65 144 74 208 118 110 153 120 92 137 125 111 117
694 10 121 139 57 52 23 59 23 90 71 218 74 208 118 110 153 120 92 137 125 111 117
695 10 116 98 244 93 32 58 154 68 182 82 74 208 118 110 153 120 92 137 125 111 117
696 2 20 140 74 197 91 117 127 108 135 145 110 130 126
697 0 74 197 91 117 127 108 135 145 110 130 126
698 10 208 46 96 199 215 174 221 189 247 45 74 197 91 117 127 108 135 145 110 130 126
699 10 192 250 55 198 82 165 189 18 7 215 74 197 91 117 127 108 135 145 110 130 126
700 10 96 203 33 183 182 250 158 176 55 193 74 197 91 117 127 108 135 145 110 130 126
701 10 205 80 145 165 40 24 207 18 206 208 74 197 91 117 127 108 135 145 110 130 126
702 10 12 27 244 213 27 114 154 61 75 198 74 197 91 117 127 108 135 145 110 130 126
703 10 120 226 206 67 236 98 26 61 200 154 74 197 91 117 127 108 135 145 110 130 126
704 10 120 27 32 81 209 186 201 63 6 202 74 197 91 117 127 108 135 145 110 130 126
705 10 114 18 92 27 48 146 220 243 211 16 74 197 91 117 127 108 135 145 110 130 126
706 10 35 205 83 89 133 203 225 114 44 144 74 197 91 117 127 108 135 145 110 130 126
707 10 248 26 145 121 0 155 10 226 239 80 74 197 91 117 127 108 135 145 110 130 126
708 10 92 154 206 157 157 203 17 138 138 94 74 197 91 117 127 108 135 145 110 130 126
709 10 121 179 190 28 189 25 194 246 14 218 74 197 91 117 127 108 135 145 110 130 126
710 10 114 18 122 106 60 115 214 98 184 210 74 197 91 117 127 108 135 145 110 130 126
711 10 114 16 29 56 121 155 86 70 175 148 74 197 91 117 127 108 135 145 110 130 126
712 10 48 187 220 149 66 82 12 240 118 80 74 197 91 117 127 108 135 145 110 130 126
713 10 96 26 75 193 160 250 92 33 49 144 74 197 91 117 127 108 135 145 110 130 126
714 2 76 202 76 213 92 116 139 124 130 125 112 109 133
